%YAML:1.0
---
Camera Count: 2
Point Count: 11
Rotations:
   - !!opencv-matrix
      rows: 3
      cols: 3
      dt: d
      data: [ 1., 0., 0., 0., 1., 0., 0., 0., 1. ]
   - !!opencv-matrix
      rows: 3
      cols: 3
      dt: d
      data: [ 9.9917671788475915e-01, 3.7595556137875824e-02,
          -1.5246658510109931e-02, -3.7698664423000364e-02,
          9.9926780038384988e-01, -6.5325199382982894e-03,
          1.4989901192539234e-02, 7.1019204942103483e-03,
          9.9986242333009578e-01 ]
Motions:
   - !!opencv-matrix
      rows: 3
      cols: 1
      dt: d
      data: [ 0., 0., 0. ]
   - !!opencv-matrix
      rows: 3
      cols: 1
      dt: d
      data: [ 9.9015303128408605e-01, 5.1836736386970769e-02,
          -1.3003817670085613e-01 ]
Points:
   - [ -1.4890311241149902e+01, -5.3697185516357422e+00,
       4.3385448455810547e+01 ]
   - [ -1.5180135726928711e+01, -5.4834785461425781e+00,
       4.4287681579589844e+01 ]
   - [ -1.8232742309570312e+01, -9.3258247375488281e+00,
       4.6327800750732422e+01 ]
   - [ -1.3915431022644043e+01, -1.2556395530700684e+01,
       4.4884090423583984e+01 ]
   - [ -1.7154987335205078e+01, -1.1170497894287109e+01,
       4.5110877990722656e+01 ]
   - [ -1.8997835159301758e+01, -7.0401306152343750e+00,
       4.3261333465576172e+01 ]
   - [ -1.8411474227905273e+01, -9.1356115341186523e+00,
       4.4781883239746094e+01 ]
   - [ -1.9676118850708008e+01, -6.4428062438964844e+00,
       4.7642272949218750e+01 ]
   - [ -1.4315687179565430e+01, -1.3792255401611328e+01,
       4.5953697204589844e+01 ]
   - [ -1.4235793113708496e+01, -1.3722582817077637e+01,
       4.5272624969482422e+01 ]
   - [ -1.5600310325622559e+01, -1.4082644462585449e+01,
       4.8465549468994141e+01 ]
Colors:
   - [ 251, 255, 255 ]
   - [ 240, 249, 252 ]
   - [ 51, 84, 99 ]
   - [ 109, 74, 54 ]
   - [ 165, 179, 185 ]
   - [ 182, 179, 188 ]
   - [ 188, 199, 207 ]
   - [ 119, 127, 164 ]
   - [ 112, 128, 127 ]
   - [ 148, 153, 152 ]
   - [ 151, 162, 166 ]
