%YAML:1.0
---
Camera Count: 2
Point Count: 458
Rotations:
   - !!opencv-matrix
      rows: 3
      cols: 3
      dt: f
      data: [ 1., 0., 0., 0., 1., 0., 0., 0., 1. ]
   - !!opencv-matrix
      rows: 3
      cols: 3
      dt: d
      data: [ 9.9797311664384414e-01, -2.3969602897820831e-02,
          5.8950119534169183e-02, 2.3762080345079189e-02,
          9.9970873983206054e-01, 4.2188909759760590e-03,
          -5.9034074853816960e-02, -2.8095622993530253e-03,
          9.9825201445618927e-01 ]
Motions:
   - !!opencv-matrix
      rows: 3
      cols: 1
      dt: f
      data: [ 0., 0., 0. ]
   - !!opencv-matrix
      rows: 3
      cols: 1
      dt: d
      data: [ -9.6959357223458031e-01, -4.0269790702058085e-02,
          -2.4138485585926486e-01 ]
Points:
   - [ -3.6431241035461426e+00, -9.9991006851196289e+00,
       8.3639497756958008e+00 ]
   - [ -3.6461784839630127e+00, -1.0006016731262207e+01,
       8.3693904876708984e+00 ]
   - [ -2.9868037700653076e+00, -5.6903367042541504e+00,
       6.1978597640991211e+00 ]
   - [ -2.3055455684661865e+00, -6.3388962745666504e+00,
       6.1299734115600586e+00 ]
   - [ -2.3995285034179688e+00, -6.2948846817016602e+00,
       6.0631647109985352e+00 ]
   - [ -1.9802004098892212e+00, -6.1618080139160156e+00,
       6.4043707847595215e+00 ]
   - [ -1.9811456203460693e+00, -6.1669106483459473e+00,
       6.4087429046630859e+00 ]
   - [ -2.6254932880401611e+00, -6.1183652877807617e+00,
       6.0817174911499023e+00 ]
   - [ -2.8292417526245117e+00, -5.5724344253540039e+00,
       6.3623671531677246e+00 ]
   - [ -2.4246189594268799e+00, -6.2627739906311035e+00,
       6.1141686439514160e+00 ]
   - [ -2.1731603145599365e+00, -6.3682651519775391e+00,
       6.1908440589904785e+00 ]
   - [ -2.4346542358398438e+00, -5.5274906158447266e+00,
       6.5836291313171387e+00 ]
   - [ -2.8574593067169189e+00, -5.4710059165954590e+00,
       6.3879027366638184e+00 ]
   - [ -2.1468327045440674e+00, -6.3070578575134277e+00,
       6.2604150772094727e+00 ]
   - [ -2.1988651752471924e+00, -6.4204602241516113e+00,
       6.1715240478515625e+00 ]
   - [ -2.9359908103942871e+00, -5.9922184944152832e+00,
       5.9917416572570801e+00 ]
   - [ -2.8588984012603760e+00, -5.4731564521789551e+00,
       6.3902225494384766e+00 ]
   - [ -2.4617462158203125e+00, -6.2839570045471191e+00,
       6.0215721130371094e+00 ]
   - [ -2.4644486904144287e+00, -6.2887887954711914e+00,
       6.0260553359985352e+00 ]
   - [ -1.9320653676986694e+00, -6.4683895111083984e+00,
       6.3027348518371582e+00 ]
   - [ -2.5063908100128174e+00, -6.2064890861511230e+00,
       6.0643277168273926e+00 ]
   - [ -2.2433028221130371e+00, -6.3117537498474121e+00,
       6.1837334632873535e+00 ]
   - [ -2.6259636878967285e+00, -6.1001644134521484e+00,
       6.0979571342468262e+00 ]
   - [ -2.1654555797576904e+00, -6.2501282691955566e+00,
       6.3338761329650879e+00 ]
   - [ -2.2059018611907959e+00, -6.3174991607666016e+00,
       6.2253246307373047e+00 ]
   - [ -2.8658459186553955e+00, -5.6198201179504395e+00,
       6.3211808204650879e+00 ]
   - [ -2.3906095027923584e+00, -6.2493882179260254e+00,
       6.1351284980773926e+00 ]
   - [ -3.0234107971191406e+00, -5.5463099479675293e+00,
       6.2089891433715820e+00 ]
   - [ -2.4534666538238525e+00, -6.2537665367126465e+00,
       6.0678339004516602e+00 ]
   - [ -2.9139008522033691e+00, -5.5423979759216309e+00,
       6.3142709732055664e+00 ]
   - [ -2.5182971954345703e+00, -6.1737051010131836e+00,
       6.0720977783203125e+00 ]
   - [ -2.4173986911773682e+00, -6.2328238487243652e+00,
       6.1172614097595215e+00 ]
   - [ -2.3376493453979492e+00, -6.3306941986083984e+00,
       6.0970702171325684e+00 ]
   - [ -2.8212060928344727e+00, -6.0164599418640137e+00,
       6.0911440849304199e+00 ]
   - [ -2.6223380565643311e+00, -6.1581091880798340e+00,
       6.0112314224243164e+00 ]
   - [ -2.1981830596923828e+00, -5.6441245079040527e+00,
       6.5269560813903809e+00 ]
   - [ -2.6217792034149170e+00, -6.1553978919982910e+00,
       6.0082001686096191e+00 ]
   - [ -1.8048657178878784e+00, -6.3319935798645020e+00,
       6.4229955673217773e+00 ]
   - [ -1.8910139799118042e+00, -6.2167053222656250e+00,
       6.3974089622497559e+00 ]
   - [ -2.2584500312805176e+00, -5.6554622650146484e+00,
       6.5096039772033691e+00 ]
   - [ -2.4735889434814453e+00, -6.1826906204223633e+00,
       6.1218976974487305e+00 ]
   - [ -2.0448977947235107e+00, -6.2174978256225586e+00,
       6.3510684967041016e+00 ]
   - [ -2.7832748889923096e+00, -6.0117545127868652e+00,
       6.1154594421386719e+00 ]
   - [ -1.8956694602966309e+00, -6.2241840362548828e+00,
       6.4033665657043457e+00 ]
   - [ -2.2871835231781006e+00, -5.7041478157043457e+00,
       6.5038094520568848e+00 ]
   - [ -2.0736489295959473e+00, -5.7633166313171387e+00,
       6.5292997360229492e+00 ]
   - [ -2.2853670120239258e+00, -5.7003178596496582e+00,
       6.5001401901245117e+00 ]
   - [ -2.9266324043273926e+00, -5.9253401756286621e+00,
       6.2199501991271973e+00 ]
   - [ -2.5904366970062256e+00, -6.1268215179443359e+00,
       6.0866789817810059e+00 ]
   - [ -2.7189178466796875e+00, -6.1272816658020020e+00,
       5.9807467460632324e+00 ]
   - [ -2.1673383712768555e+00, -6.2998738288879395e+00,
       6.2586054801940918e+00 ]
   - [ -1.9772373437881470e+00, -6.4513664245605469e+00,
       6.2864155769348145e+00 ]
   - [ -3.0839021205902100e+00, -5.6148338317871094e+00,
       6.1458053588867188e+00 ]
   - [ -2.2197115421295166e+00, -6.4834885597229004e+00,
       6.1313157081604004e+00 ]
   - [ -2.3678131103515625e+00, -5.5943274497985840e+00,
       6.5135197639465332e+00 ]
   - [ -5.2061161994934082e+00, -9.4419507980346680e+00,
       7.7003870010375977e+00 ]
   - [ -2.0804970264434814e+00, -6.2553548812866211e+00,
       6.3401961326599121e+00 ]
   - [ -1.9902305603027344e+00, -6.0845265388488770e+00,
       6.4347558021545410e+00 ]
   - [ -1.8997610807418823e+00, -6.5736112594604492e+00,
       6.3272395133972168e+00 ]
   - [ -2.9703958034515381e+00, -5.5886492729187012e+00,
       6.2724094390869141e+00 ]
   - [ -2.8201665878295898e+00, -6.0217409133911133e+00,
       6.0218434333801270e+00 ]
   - [ -2.8233990669250488e+00, -6.0272974967956543e+00,
       6.0268478393554688e+00 ]
   - [ -3.0916628837585449e+00, -5.6252202987670898e+00,
       6.1569361686706543e+00 ]
   - [ -3.1160562038421631e+00, -5.3884634971618652e+00,
       6.2477393150329590e+00 ]
   - [ -2.7626955509185791e+00, -6.0838675498962402e+00,
       6.0058302879333496e+00 ]
   - [ -2.6100871562957764e+00, -6.1612186431884766e+00,
       6.1715917587280273e+00 ]
   - [ -1.8443233966827393e+00, -6.1666722297668457e+00,
       6.5292606353759766e+00 ]
   - [ -3.0576212406158447e+00, -5.4463782310485840e+00,
       6.2489280700683594e+00 ]
   - [ -3.1430449485778809e+00, -5.4241800308227539e+00,
       6.1570501327514648e+00 ]
   - [ -2.1458668708801270e+00, -6.4387493133544922e+00,
       6.1765856742858887e+00 ]
   - [ -2.9866538047790527e+00, -5.5663237571716309e+00,
       6.2168679237365723e+00 ]
   - [ -2.4106276035308838e+00, -6.2286930084228516e+00,
       6.2026162147521973e+00 ]
   - [ -2.3028404712677002e+00, -5.5799169540405273e+00,
       6.6436438560485840e+00 ]
   - [ -1.8432946205139160e+00, -6.1656317710876465e+00,
       6.5274033546447754e+00 ]
   - [ -2.9834635257720947e+00, -5.3933925628662109e+00,
       6.3653588294982910e+00 ]
   - [ -2.5670459270477295e+00, -6.2471685409545898e+00,
       5.9672360420227051e+00 ]
   - [ -2.1125051975250244e+00, -6.2042069435119629e+00,
       6.3745350837707520e+00 ]
   - [ -1.9778738021850586e+00, -6.4528093338012695e+00,
       6.2877287864685059e+00 ]
   - [ -1.9677437543869019e+00, -6.3567051887512207e+00,
       6.3415560722351074e+00 ]
   - [ -2.0008068084716797e+00, -6.0756902694702148e+00,
       6.4261937141418457e+00 ]
   - [ -2.9988889694213867e+00, -5.5011734962463379e+00,
       6.3255491256713867e+00 ]
