%YAML:1.0
---
Camera Count: 2
Point Count: 370
Rotations:
   - !!opencv-matrix
      rows: 3
      cols: 3
      dt: d
      data: [ 1., 0., 0., 0., 1., 0., 0., 0., 1. ]
   - !!opencv-matrix
      rows: 3
      cols: 3
      dt: d
      data: [ 9.9815320663709839e-01, 1.7513011098260131e-02,
          5.8167607156808153e-02, -1.7645137544157852e-02,
          9.9984276587398790e-01, 1.7585933303338958e-03,
          -5.8127662959421948e-02, -2.7817210007396571e-03,
          9.9830528237966920e-01 ]
Motions:
   - !!opencv-matrix
      rows: 3
      cols: 1
      dt: d
      data: [ 0., 0., 0. ]
   - !!opencv-matrix
      rows: 3
      cols: 1
      dt: d
      data: [ -9.3599006438877108e-01, -1.6989608067152714e-01,
          -3.0831464632410488e-01 ]
Points:
   - [ -2.8621025085449219e+00, -1.5382587909698486e+00,
       9.6044197082519531e+00 ]
   - [ -2.2757306098937988e+00, -2.2073884010314941e+00,
       9.6590461730957031e+00 ]
   - [ -2.3678932189941406e+00, -2.2125778198242188e+00,
       9.5795812606811523e+00 ]
   - [ -1.9351458549499512e+00, -1.8354524374008179e+00,
       9.8632488250732422e+00 ]
   - [ -1.9360480308532715e+00, -1.8374710083007812e+00,
       9.8697757720947266e+00 ]
   - [ -2.5683844089508057e+00, -2.0284552574157715e+00,
       9.5697841644287109e+00 ]
   - [ -2.6826393604278564e+00, -1.3141976594924927e+00,
       9.7171859741210938e+00 ]
   - [ -2.3849937915802002e+00, -2.1450915336608887e+00,
       9.6299095153808594e+00 ]
   - [ -2.1466302871704102e+00, -2.1905851364135742e+00,
       9.7212028503417969e+00 ]
   - [ -2.2920236587524414e+00, -1.1248469352722168e+00,
       9.8813829421997070e+00 ]
   - [ -2.6965720653533936e+00, -1.2028179168701172e+00,
       9.7129230499267578e+00 ]
   - [ -2.1118927001953125e+00, -2.0803108215332031e+00,
       9.7747497558593750e+00 ]
   - [ -2.1769368648529053e+00, -2.2576894760131836e+00,
       9.7218961715698242e+00 ]
   - [ -5.7550067901611328e+00, -1.7454663515090942e+00,
       1.4735778808593750e+01 ]
   - [ -2.8677525520324707e+00, -1.9745603799819946e+00,
       9.4722929000854492e+00 ]
   - [ -2.6978859901428223e+00, -1.2033864259719849e+00,
       9.7163610458374023e+00 ]
   - [ -2.4307527542114258e+00, -2.2328071594238281e+00,
       9.5368232727050781e+00 ]
   - [ -2.4334237575531006e+00, -2.2346382141113281e+00,
       9.5440893173217773e+00 ]
   - [ -1.9181195497512817e+00, -2.2074713706970215e+00,
       9.8566083908081055e+00 ]
   - [ -2.4630620479583740e+00, -2.1255805492401123e+00,
       9.5641708374023438e+00 ]
   - [ -2.2096083164215088e+00, -2.1406314373016357e+00,
       9.7018928527832031e+00 ]
   - [ -2.5655493736267090e+00, -1.9989777803421021e+00,
       9.5817108154296875e+00 ]
   - [ -2.1197519302368164e+00, -1.9737601280212402e+00,
       9.8383598327636719e+00 ]
   - [ -2.1712150573730469e+00, -2.1164245605468750e+00,
       9.7458858489990234e+00 ]
   - [ -2.7260231971740723e+00, -1.3865855932235718e+00,
       9.6946887969970703e+00 ]
   - [ -2.3492116928100586e+00, -2.1158888339996338e+00,
       9.6437845230102539e+00 ]
   - [ -2.8808596134185791e+00, -1.3931483030319214e+00,
       9.5720806121826172e+00 ]
   - [ -2.4161057472229004e+00, -2.1694171428680420e+00,
       9.5782480239868164e+00 ]
   - [ -2.7646234035491943e+00, -1.3185331821441650e+00,
       9.6676673889160156e+00 ]
   - [ -2.4708013534545898e+00, -2.0874462127685547e+00,
       9.5628347396850586e+00 ]
   - [ -2.3750431537628174e+00, -2.1124913692474365e+00,
       9.6213769912719727e+00 ]
   - [ -2.3084244728088379e+00, -2.2230615615844727e+00,
       9.6224222183227539e+00 ]
   - [ -2.7471847534179688e+00, -1.9260905981063843e+00,
       9.5741872787475586e+00 ]
   - [ -2.5759544372558594e+00, -2.1176395416259766e+00,
       9.5035762786865234e+00 ]
   - [ -2.0895898342132568e+00, -1.2651975154876709e+00,
       9.8338966369628906e+00 ]
   - [ -2.5754141807556152e+00, -2.1169912815093994e+00,
       9.4989871978759766e+00 ]
   - [ -1.7825598716735840e+00, -1.9863330125808716e+00,
       9.9271612167358398e+00 ]
   - [ -1.8564224243164062e+00, -1.8920342922210693e+00,
       9.8656625747680664e+00 ]
   - [ -2.4240422248840332e+00, -2.0604388713836670e+00,
       9.6159515380859375e+00 ]
   - [ -2.0028598308563232e+00, -1.9271899461746216e+00,
       9.8313322067260742e+00 ]
   - [ -2.7073578834533691e+00, -1.9034855365753174e+00,
       9.5938539505004883e+00 ]
   - [ -1.8608764410018921e+00, -1.8954100608825684e+00,
       9.8753461837768555e+00 ]
   - [ -2.1775212287902832e+00, -1.3375729322433472e+00,
       9.8414907455444336e+00 ]
   - [ -1.9847831726074219e+00, -1.3736194372177124e+00,
       9.8658266067504883e+00 ]
   - [ -5.6731615066528320e+00, -1.7812850475311279e+00,
       1.4704979896545410e+01 ]
   - [ -2.1758852005004883e+00, -1.3363119363784790e+00,
       9.8361787796020508e+00 ]
   - [ -2.8261573314666748e+00, -1.7510179281234741e+00,
       9.7022905349731445e+00 ]
   - [ -2.5347604751586914e+00, -2.0323829650878906e+00,
       9.5730524063110352e+00 ]
   - [ -2.6701126098632812e+00, -2.1110503673553467e+00,
       9.4725131988525391e+00 ]
   - [ -4.8814964294433594e+00, -4.0067210197448730e+00,
       1.4543061256408691e+01 ]
   - [ -2.1307992935180664e+00, -2.0748276710510254e+00,
       9.7722997665405273e+00 ]
   - [ -1.9604898691177368e+00, -2.2026891708374023e+00,
       9.8366050720214844e+00 ]
   - [ -2.9537630081176758e+00, -1.5023052692413330e+00,
       9.5370750427246094e+00 ]
   - [ -2.2051701545715332e+00, -2.3509106636047363e+00,
       9.7017812728881836e+00 ]
   - [ -2.2419724464416504e+00, -1.2298816442489624e+00,
       9.8225383758544922e+00 ]
   - [ -2.0398123264312744e+00, -1.9727008342742920e+00,
       9.8372392654418945e+00 ]
   - [ -1.9370565414428711e+00, -1.7402484416961670e+00,
       9.8696889877319336e+00 ]
   - [ -1.8934222459793091e+00, -2.2955267429351807e+00,
       9.9190559387207031e+00 ]
   - [ -2.8274204730987549e+00, -1.3909591436386108e+00,
       9.6471281051635742e+00 ]
   - [ -2.7540891170501709e+00, -1.9793577194213867e+00,
       9.4978265762329102e+00 ]
   - [ -2.7572257518768311e+00, -1.9815211296081543e+00,
       9.5058116912841797e+00 ]
   - [ -2.9611299037933350e+00, -1.5052093267440796e+00,
       9.5543947219848633e+00 ]
   - [ -2.9481263160705566e+00, -1.2199405431747437e+00,
       9.5742387771606445e+00 ]
   - [ -2.7060041427612305e+00, -2.0510997772216797e+00,
       9.4926586151123047e+00 ]
   - [ -2.5488808155059814e+00, -2.0084593296051025e+00,
       9.6836814880371094e+00 ]
   - [ -1.8021700382232666e+00, -1.7543590068817139e+00,
       9.9869003295898438e+00 ]
   - [ -2.8984870910644531e+00, -1.2727588415145874e+00,
       9.5862598419189453e+00 ]
   - [ -2.9886114597320557e+00, -1.3130915164947510e+00,
       9.4927215576171875e+00 ]
   - [ -2.1275174617767334e+00, -2.2713737487792969e+00,
       9.7283697128295898e+00 ]
   - [ -2.8469171524047852e+00, -1.4062939882278442e+00,
       9.5817794799804688e+00 ]
   - [ -2.3607113361358643e+00, -2.0486845970153809e+00,
       9.7145299911499023e+00 ]
   - [ -2.1712539196014404e+00, -1.1338833570480347e+00,
       9.9464998245239258e+00 ]
   - [ -1.8011624813079834e+00, -1.7544909715652466e+00,
       9.9839706420898438e+00 ]
   - [ -2.8096442222595215e+00, -1.1468321084976196e+00,
       9.6809768676757812e+00 ]
   - [ -2.5347387790679932e+00, -2.2372961044311523e+00,
       9.4765462875366211e+00 ]
   - [ -2.0636560916900635e+00, -1.8997333049774170e+00,
       9.8606109619140625e+00 ]
   - [ -1.9611045122146606e+00, -2.2032322883605957e+00,
       9.8386545181274414e+00 ]
   - [ -1.9413974285125732e+00, -2.0698404312133789e+00,
       9.8634290695190430e+00 ]
   - [ -1.9466987848281860e+00, -1.7375221252441406e+00,
       9.8579883575439453e+00 ]
   - [ -2.8397464752197266e+00, -1.2740490436553955e+00,
       9.6787977218627930e+00 ]
   - [ -2.0345318317413330e+00, -2.0478003025054932e+00,
       9.8465614318847656e+00 ]
