%YAML:1.0
---
Camera Count: 2
Point Count: 256
Rotations:
   - !!opencv-matrix
      rows: 3
      cols: 3
      dt: d
      data: [ 1., 0., 0., 0., 1., 0., 0., 0., 1. ]
   - !!opencv-matrix
      rows: 3
      cols: 3
      dt: d
      data: [ 9.9646674844985239e-01, 1.2690315310996110e-02,
          8.3023943119355251e-02, -1.2893346523699783e-02,
          9.9991505365491773e-01, 1.9097355059116471e-03,
          -8.2992655393102341e-02, -2.9734443983767734e-03,
          9.9654572287437548e-01 ]
Motions:
   - !!opencv-matrix
      rows: 3
      cols: 1
      dt: d
      data: [ 0., 0., 0. ]
   - !!opencv-matrix
      rows: 3
      cols: 1
      dt: d
      data: [ -9.5953274968989943e-01, -3.5554487013242125e-02,
          -2.7934348162390682e-01 ]
Points:
   - [ -2.3919129371643066e+00, -1.3770462274551392e+00,
       8.5667123794555664e+00 ]
   - [ -1.8337898254394531e+00, -1.9359226226806641e+00,
       8.5202693939208984e+00 ]
   - [ -4.4119606018066406e+00, -1.7888582944869995e+00,
       1.0965908050537109e+01 ]
   - [ -2.1848623752593994e+00, -1.7168095111846924e+00,
       8.5082111358642578e+00 ]
   - [ -1.9373482465744019e+00, -1.0611715316772461e+00,
       8.7552680969238281e+00 ]
   - [ -2.2970261573791504e+00, -1.6215234994888306e+00,
       8.5707979202270508e+00 ]
   - [ -2.0982060432434082e+00, -1.7900571823120117e+00,
       8.4606456756591797e+00 ]
   - [ -4.3607339859008789e+00, -1.8095642328262329e+00,
       1.0976858139038086e+01 ]
   - [ -4.0478329658508301e+00, -1.2964223623275757e+00,
       1.0802779197692871e+01 ]
   - [ -1.4017304182052612e+00, -1.8661675453186035e+00,
       8.7341909408569336e+00 ]
   - [ -4.4788813591003418e+00, -1.8097324371337891e+00,
       1.1098368644714355e+01 ]
   - [ -4.5967721939086914e+00, -1.6987620592117310e+00,
       1.0969363212585449e+01 ]
   - [ -1.8882191181182861e+00, -9.9700832366943359e-01,
       8.7873659133911133e+00 ]
   - [ -3.2581472396850586e+00, -3.2960371971130371e+00,
       1.1096125602722168e+01 ]
   - [ -1.7286837100982666e+00, -1.9254912137985229e+00,
       8.6020984649658203e+00 ]
   - [ -1.5332574844360352e+00, -1.7182011604309082e+00,
       8.6826848983764648e+00 ]
   - [ -1.7230310440063477e+00, -1.1290014982223511e+00,
       8.8186779022216797e+00 ]
   - [ -2.3041160106658936e+00, -1.6623159646987915e+00,
       8.5178203582763672e+00 ]
   - [ -2.3683273792266846e+00, -1.3443788290023804e+00,
       8.5921134948730469e+00 ]
   - [ -2.2806050777435303e+00, -1.2429068088531494e+00,
       8.6702079772949219e+00 ]
   - [ -1.7742220163345337e+00, -1.1518317461013794e+00,
       8.8180685043334961e+00 ]
   - [ -2.4184069633483887e+00, -1.2523587942123413e+00,
       8.5671558380126953e+00 ]
   - [ -2.3167068958282471e+00, -1.1828503608703613e+00,
       8.6440582275390625e+00 ]
   - [ -2.3279123306274414e+00, -1.4444813728332520e+00,
       8.6252155303955078e+00 ]
   - [ -1.8632164001464844e+00, -1.9165174961090088e+00,
       8.5394687652587891e+00 ]
   - [ -2.0067536830902100e+00, -1.8759349584579468e+00,
       8.4753360748291016e+00 ]
   - [ -2.0162355899810791e+00, -1.8448939323425293e+00,
       8.4788694381713867e+00 ]
   - [ -1.6280072927474976e+00, -1.2208442687988281e+00,
       8.8418321609497070e+00 ]
   - [ -2.3700602054595947e+00, -1.3450154066085815e+00,
       8.5964164733886719e+00 ]
   - [ -2.3194305896759033e+00, -1.1839088201522827e+00,
       8.6510105133056641e+00 ]
   - [ -1.9747569561004639e+00, -1.8191038370132446e+00,
       8.5197601318359375e+00 ]
   - [ -1.7726027965545654e+00, -2.0606732368469238e+00,
       8.5598831176757812e+00 ]
   - [ -2.2270863056182861e+00, -1.6875685453414917e+00,
       8.4976358413696289e+00 ]
   - [ -3.5526683330535889e+00, -2.9901690483093262e+00,
       1.0771211624145508e+01 ]
   - [ -1.8098831176757812e+00, -1.0800678730010986e+00,
       8.7749757766723633e+00 ]
   - [ -1.8774778842926025e+00, -1.9670051336288452e+00,
       8.5581369400024414e+00 ]
   - [ -2.4060194492340088e+00, -1.4146895408630371e+00,
       8.5317544937133789e+00 ]
   - [ -2.2148156166076660e+00, -1.1285723447799683e+00,
       8.6725797653198242e+00 ]
   - [ -1.4934210777282715e+00, -1.6669870615005493e+00,
       8.7757749557495117e+00 ]
   - [ -2.0936176776885986e+00, -1.7623988389968872e+00,
       8.4612874984741211e+00 ]
   - [ -4.4730968475341797e+00, -1.7476330995559692e+00,
       1.0954133987426758e+01 ]
   - [ -2.1736915111541748e+00, -1.0667600631713867e+00,
       8.6928844451904297e+00 ]
   - [ -1.6005961894989014e+00, -1.6408265829086304e+00,
       8.7141838073730469e+00 ]
   - [ -2.5200166702270508e+00, -1.4111338853836060e+00,
       8.4384107589721680e+00 ]
   - [ -1.8513658046722412e+00, -1.0957674980163574e+00,
       8.7774829864501953e+00 ]
   - [ -2.4374516010284424e+00, -1.4030730724334717e+00,
       8.4751834869384766e+00 ]
   - [ -1.6663805246353149e+00, -1.1178677082061768e+00,
       8.8387184143066406e+00 ]
   - [ -2.4441075325012207e+00, -1.2039868831634521e+00,
       8.5543394088745117e+00 ]
   - [ -1.4978466033935547e+00, -1.6712352037429810e+00,
       8.7915048599243164e+00 ]
   - [ -2.5095076560974121e+00, -1.1805135011672974e+00,
       8.4828491210937500e+00 ]
   - [ -2.3311722278594971e+00, -1.3478075265884399e+00,
       8.6418867111206055e+00 ]
   - [ -2.3711867332458496e+00, -1.5580636262893677e+00,
       8.4941911697387695e+00 ]
   - [ -2.4650106430053711e+00, -1.3417495489120483e+00,
       8.4853372573852539e+00 ]
   - [ -2.4050393104553223e+00, -1.4138815402984619e+00,
       8.5292711257934570e+00 ]
   - [ -1.5421838760375977e+00, -1.8066734075546265e+00,
       8.6779441833496094e+00 ]
   - [ -3.6196427345275879e+00, -2.5957019329071045e+00,
       1.0837103843688965e+01 ]
   - [ -4.3183317184448242e+00, -1.8228305578231812e+00,
       1.1005997657775879e+01 ]
   - [ -1.5614112615585327e+00, -1.5302979946136475e+00,
       8.7491798400878906e+00 ]
   - [ -4.3360080718994141e+00, -1.7751426696777344e+00,
       1.0982755661010742e+01 ]
   - [ -2.3921775817871094e+00, -1.3091719150543213e+00,
       8.5879411697387695e+00 ]
   - [ -2.3434045314788818e+00, -1.0246173143386841e+00,
       8.6110153198242188e+00 ]
   - [ -3.7148942947387695e+00, -2.8151342868804932e+00,
       1.0784259796142578e+01 ]
   - [ -2.3861434459686279e+00, -1.2620573043823242e+00,
       8.5664739608764648e+00 ]
   - [ -1.9731261730194092e+00, -9.9634522199630737e-01,
       8.7605247497558594e+00 ]
   - [ -2.3858349323272705e+00, -1.2632952928543091e+00,
       8.5659971237182617e+00 ]
   - [ -1.6675544977188110e+00, -1.2692383527755737e+00,
       8.8065147399902344e+00 ]
   - [ -2.5212891101837158e+00, -1.4125099182128906e+00,
       8.4415645599365234e+00 ]
   - [ -1.9789959192276001e+00, -1.0915300846099854e+00,
       8.7457437515258789e+00 ]
   - [ -1.6385645866394043e+00, -1.0986874103546143e+00,
       8.8547115325927734e+00 ]
   - [ -2.4345042705535889e+00, -1.6512558460235596e+00,
       8.4605169296264648e+00 ]
   - [ -4.4903550148010254e+00, -1.6791126728057861e+00,
       1.1090183258056641e+01 ]
   - [ -3.3240246772766113e+00, -3.0474665164947510e+00,
       1.0839320182800293e+01 ]
   - [ -1.5109421014785767e+00, -1.8126996755599976e+00,
       8.7124032974243164e+00 ]
   - [ -1.9944837093353271e+00, -1.8357030153274536e+00,
       8.4847688674926758e+00 ]
   - [ -4.3628730773925781e+00, -1.6755896806716919e+00,
       1.0948285102844238e+01 ]
   - [ -1.6665076017379761e+00, -1.1244498491287231e+00,
       8.8309736251831055e+00 ]
   - [ -1.6372331380844116e+00, -1.0984005928039551e+00,
       8.8503932952880859e+00 ]
   - [ -1.4382778406143188e+00, -1.9261516332626343e+00,
       8.7376508712768555e+00 ]
   - [ -1.7172871828079224e+00, -1.8613165616989136e+00,
       8.6194515228271484e+00 ]
   - [ -1.7185781002044678e+00, -1.8622816801071167e+00,
       8.6234874725341797e+00 ]
   - [ -1.4369362592697144e+00, -1.9250016212463379e+00,
       8.7328968048095703e+00 ]
