%YAML:1.0
---
Camera Count: 2
Point Count: 186
Rotations:
   - !!opencv-matrix
      rows: 3
      cols: 3
      dt: d
      data: [ 1., 0., 0., 0., 1., 0., 0., 0., 1. ]
   - !!opencv-matrix
      rows: 3
      cols: 3
      dt: d
      data: [ 9.9827990046501658e-01, 3.1234589630128248e-02,
          4.9614924550923999e-02, -3.0680620680704391e-02,
          9.9945853894634373e-01, -1.1888163940926356e-02,
          -4.9959381923750136e-02, 1.0345498435411108e-02,
          9.9869766737482635e-01 ]
Motions:
   - !!opencv-matrix
      rows: 3
      cols: 1
      dt: d
      data: [ 0., 0., 0. ]
   - !!opencv-matrix
      rows: 3
      cols: 1
      dt: d
      data: [ -9.8786301263681264e-01, 5.8416309046570004e-02,
          -1.4392429642522492e-01 ]
Points:
   - [ -6.8494610786437988e+00, -4.1733565330505371e+00,
       1.9319927215576172e+01 ]
   - [ -3.8034656047821045e+00, -2.2737913131713867e+00,
       1.4159648895263672e+01 ]
   - [ -7.6684284210205078e+00, -3.1706085205078125e+00,
       1.9141977310180664e+01 ]
   - [ -3.1061646938323975e+00, -1.7541321516036987e+00,
       1.4626436233520508e+01 ]
   - [ -7.9706211090087891e+00, -3.0078601837158203e+00,
       1.9083557128906250e+01 ]
   - [ -2.4362895488739014e+00, -2.2713284492492676e+00,
       1.4868247985839844e+01 ]
   - [ -2.7205193042755127e+00, -3.0611279010772705e+00,
       1.4625315666198730e+01 ]
   - [ -3.6142480373382568e+00, -1.7846964597702026e+00,
       1.4427888870239258e+01 ]
   - [ -2.7233016490936279e+00, -3.8533754348754883e+00,
       1.3806538581848145e+01 ]
   - [ -7.1117520332336426e+00, -3.8185234069824219e+00,
       1.9467380523681641e+01 ]
   - [ -7.2535734176635742e+00, -2.2844178676605225e+00,
       1.8838865280151367e+01 ]
   - [ -2.7195231914520264e+00, -3.0602939128875732e+00,
       1.4621432304382324e+01 ]
   - [ -3.5042567253112793e+00, -2.8683013916015625e+00,
       1.4263377189636230e+01 ]
   - [ -7.7440056800842285e+00, -3.0857877731323242e+00,
       1.9038803100585938e+01 ]
   - [ -3.6173844337463379e+00, -2.0420742034912109e+00,
       1.4297620773315430e+01 ]
   - [ -2.4946422576904297e+00, -3.0664081573486328e+00,
       1.4627808570861816e+01 ]
   - [ -3.1563003063201904e+00, -3.2155256271362305e+00,
       1.4329215049743652e+01 ]
   - [ -2.7426624298095703e+00, -1.8583474159240723e+00,
       1.4718873977661133e+01 ]
   - [ -7.0837492942810059e+00, -3.8950798511505127e+00,
       1.9439945220947266e+01 ]
   - [ -5.4346504211425781e+00, -5.4515962600708008e+00,
       1.9473354339599609e+01 ]
   - [ -5.1479396820068359e+00, -4.0118551254272461e+00,
       1.6876626968383789e+01 ]
   - [ -3.2305269241333008e+00, -3.0891392230987549e+00,
       1.4264436721801758e+01 ]
   - [ -7.5245876312255859e+00, -3.2362046241760254e+00,
       1.9266567230224609e+01 ]
   - [ -3.1064846515655518e+00, -3.4575583934783936e+00,
       1.4371228218078613e+01 ]
   - [ -6.9739089012145996e+00, -2.7877695560455322e+00,
       1.8404897689819336e+01 ]
   - [ -7.8463559150695801e+00, -3.0674519538879395e+00,
       1.9102903366088867e+01 ]
   - [ -3.9515547752380371e+00, -1.8151255846023560e+00,
       1.4128856658935547e+01 ]
   - [ -7.2156782150268555e+00, -3.0886051654815674e+00,
       1.8738348007202148e+01 ]
   - [ -2.4962594509124756e+00, -2.5547077655792236e+00,
       1.4808938026428223e+01 ]
   - [ -7.4345803260803223e+00, -2.7603647708892822e+00,
       1.8881269454956055e+01 ]
   - [ -3.7736408710479736e+00, -2.2224943637847900e+00,
       1.4224749565124512e+01 ]
   - [ -6.1919751167297363e+00, -5.3073401451110840e+00,
       1.9041345596313477e+01 ]
   - [ -3.9332764148712158e+00, -2.2244052886962891e+00,
       1.4051443099975586e+01 ]
   - [ -3.1518242359161377e+00, -3.0379078388214111e+00,
       1.4294767379760742e+01 ]
   - [ -3.8786287307739258e+00, -1.9817994832992554e+00,
       1.4070879936218262e+01 ]
   - [ -2.9632737636566162e+00, -1.8079179525375366e+00,
       1.4670279502868652e+01 ]
   - [ -3.9364209175109863e+00, -2.2244703769683838e+00,
       1.4060312271118164e+01 ]
   - [ -3.7743349075317383e+00, -2.5817656517028809e+00,
       1.4085442543029785e+01 ]
   - [ -6.4869208335876465e+00, -4.9999113082885742e+00,
       1.9051431655883789e+01 ]
   - [ -3.7846248149871826e+00, -1.7085444927215576e+00,
       1.4384525299072266e+01 ]
   - [ -7.5922203063964844e+00, -3.2457656860351562e+00,
       1.9045257568359375e+01 ]
   - [ -7.6073808670043945e+00, -2.9070041179656982e+00,
       1.8894790649414062e+01 ]
   - [ -3.6899123191833496e+00, -2.2172553539276123e+00,
       1.4220479965209961e+01 ]
   - [ -3.8090469837188721e+00, -2.0881342887878418e+00,
       1.4190496444702148e+01 ]
   - [ -2.9005832672119141e+00, -3.4458525180816650e+00,
       1.4416435241699219e+01 ]
   - [ -7.2081680297851562e+00, -2.1628670692443848e+00,
       1.8948425292968750e+01 ]
   - [ -2.8997015953063965e+00, -3.4450914859771729e+00,
       1.4413205146789551e+01 ]
   - [ -3.9002275466918945e+00, -2.4059703350067139e+00,
       1.3973993301391602e+01 ]
   - [ -7.5680475234985352e+00, -2.8438038825988770e+00,
       1.9040533065795898e+01 ]
   - [ -2.8066031932830811e+00, -3.0571897029876709e+00,
       1.4610643386840820e+01 ]
   - [ -7.1534461975097656e+00, -3.5377321243286133e+00,
       1.9342067718505859e+01 ]
   - [ -4.0242271423339844e+00, -1.9605180025100708e+00,
       1.4074833869934082e+01 ]
   - [ -2.8008956909179688e+00, -3.0531048774719238e+00,
       1.4588928222656250e+01 ]
   - [ -2.6672291755676270e+00, -2.1018438339233398e+00,
       1.4807544708251953e+01 ]
   - [ -3.5320212841033936e+00, -1.8088285923004150e+00,
       1.4429116249084473e+01 ]
   - [ -2.3596212863922119e+00, -3.2583556175231934e+00,
       1.4762821197509766e+01 ]
   - [ -6.6873741149902344e+00, -4.6466436386108398e+00,
       1.9173513412475586e+01 ]
   - [ -3.3128681182861328e+00, -3.1220095157623291e+00,
       1.4229962348937988e+01 ]
   - [ -2.5581057071685791e+00, -2.1210644245147705e+00,
       1.4806411743164062e+01 ]
   - [ -2.9140841960906982e+00, -3.0290777683258057e+00,
       1.4460273742675781e+01 ]
   - [ -2.6119799613952637e+00, -2.1969344615936279e+00,
       1.4754014968872070e+01 ]
   - [ -3.1753737926483154e+00, -1.8063980340957642e+00,
       1.4615898132324219e+01 ]
   - [ -2.4462518692016602e+00, -2.6231667995452881e+00,
       1.4754888534545898e+01 ]
   - [ -7.0103826522827148e+00, -2.6873641014099121e+00,
       1.8453342437744141e+01 ]
   - [ -2.4902091026306152e+00, -3.0502507686614990e+00,
       1.4841731071472168e+01 ]
   - [ -2.9120252132415771e+00, -1.8865406513214111e+00,
       1.4730499267578125e+01 ]
   - [ -3.0384199619293213e+00, -1.7400830984115601e+00,
       1.4695169448852539e+01 ]
   - [ -3.0082337856292725e+00, -3.1587107181549072e+00,
       1.4454626083374023e+01 ]
   - [ -3.8751730918884277e+00, -2.6989610195159912e+00,
       1.4138043403625488e+01 ]
   - [ -3.0721616744995117e+00, -1.8239531517028809e+00,
       1.4676703453063965e+01 ]
   - [ -2.6233034133911133e+00, -3.0817065238952637e+00,
       1.4793449401855469e+01 ]
   - [ -2.5931043624877930e+00, -3.0092432498931885e+00,
       1.4726903915405273e+01 ]
   - [ -2.3913941383361816e+00, -2.6898729801177979e+00,
       1.4753572463989258e+01 ]
   - [ -3.8797211647033691e+00, -2.2686328887939453e+00,
       1.4093255043029785e+01 ]
   - [ -7.1527185440063477e+00, -2.3492379188537598e+00,
       1.8864870071411133e+01 ]
   - [ -7.5276970863342285e+00, -2.8987305164337158e+00,
       1.8985359191894531e+01 ]
   - [ -3.7893221378326416e+00, -1.9750578403472900e+00,
       1.4268165588378906e+01 ]
   - [ -2.9437069892883301e+00, -1.9440859556198120e+00,
       1.4720204353332520e+01 ]
   - [ -2.4592201709747314e+00, -1.9666235446929932e+00,
       1.5020503044128418e+01 ]
   - [ -3.8984792232513428e+00, -2.1354694366455078e+00,
       1.4078213691711426e+01 ]
   - [ -3.9560444355010986e+00, -1.8519523143768311e+00,
       1.4113340377807617e+01 ]
