%YAML:1.0
---
Camera Count: 2
Point Count: 314
Rotations:
   - !!opencv-matrix
      rows: 3
      cols: 3
      dt: d
      data: [ 1., 0., 0., 0., 1., 0., 0., 0., 1. ]
   - !!opencv-matrix
      rows: 3
      cols: 3
      dt: d
      data: [ 9.0531200457637506e-01, -1.1878699362890764e-01,
          4.0779875492025647e-01, 1.1825061574459360e-01,
          9.9262678102886992e-01, 2.6624527419054786e-02,
          -4.0795461297297519e-01, 2.4118949580555701e-02,
          9.1268357606850814e-01 ]
Motions:
   - !!opencv-matrix
      rows: 3
      cols: 1
      dt: d
      data: [ 0., 0., 0. ]
   - !!opencv-matrix
      rows: 3
      cols: 1
      dt: d
      data: [ -8.9482855295022534e-01, -1.4390616101075987e-01,
          4.2257884193148038e-01 ]
Points:
   - [ 7.2794628143310547e-01, 3.6100953817367554e-01,
       1.8647148609161377e+00 ]
   - [ -9.2807918787002563e-02, 3.0508962273597717e-01,
       1.9475337266921997e+00 ]
   - [ 5.7798802852630615e-01, 2.3372666537761688e-01,
       1.8645477294921875e+00 ]
   - [ 8.9122749865055084e-02, 7.0653271675109863e-01,
       1.9757584333419800e+00 ]
   - [ 8.9504703879356384e-02, 7.0620924234390259e-01,
       1.9749406576156616e+00 ]
   - [ 6.6692078113555908e-01, 1.5871991217136383e-01,
       1.8246428966522217e+00 ]
   - [ 5.8120465278625488e-01, 7.8403604030609131e-01,
       1.9553219079971313e+00 ]
   - [ 1.3624681532382965e-01, 7.7270019054412842e-01,
       1.9770244359970093e+00 ]
   - [ 6.9558757543563843e-01, 2.3303627967834473e-01,
       1.8377163410186768e+00 ]
   - [ 4.0622833371162415e-01, -2.8667796403169632e-02,
       1.8318620920181274e+00 ]
   - [ 6.3728785514831543e-01, 3.6285674571990967e-01,
       1.8788461685180664e+00 ]
   - [ 7.3461639881134033e-01, 4.6662563085556030e-01,
       1.8924410343170166e+00 ]
   - [ 1.3628751039505005e-01, 7.7197223901748657e-01,
       1.9773113727569580e+00 ]
   - [ 4.3217933177947998e-01, 9.9068060517311096e-03,
       1.8369660377502441e+00 ]
   - [ 6.3939404487609863e-01, 7.1881169080734253e-01,
       1.9444216489791870e+00 ]
   - [ 1.7617969214916229e-01, 7.9304879903793335e-01,
       1.9739217758178711e+00 ]
   - [ 6.5077120065689087e-01, 5.1831793785095215e-01,
       1.9190989732742310e+00 ]
   - [ 8.0341166257858276e-01, 3.1040272116661072e-01,
       1.8543226718902588e+00 ]
   - [ 7.1317464113235474e-01, 2.0819404721260071e-01,
       1.8314938545227051e+00 ]
   - [ -7.2645274922251701e-03, 8.1281721591949463e-01,
       1.9902306795120239e+00 ]
   - [ 5.9779089689254761e-01, 7.6555293798446655e-01,
       1.9527420997619629e+00 ]
   - [ 1.8141330778598785e-01, -4.1091296821832657e-02,
       1.8387969732284546e+00 ]
   - [ 7.2635930776596069e-01, 2.3675477504730225e-01,
       1.8362010717391968e+00 ]
   - [ 6.2713664770126343e-01, 3.1567320227622986e-01,
       1.8682600259780884e+00 ]
   - [ 7.8208535909652710e-01, 2.8834465146064758e-01,
       1.8479553461074829e+00 ]
   - [ 6.0506206750869751e-01, 1.9408820569515228e-01,
       1.8482031822204590e+00 ]
   - [ 1.3906984031200409e-01, 8.5335776209831238e-02,
       1.8902164697647095e+00 ]
   - [ 7.3968076705932617e-01, 2.6341062784194946e-01,
       1.8401613235473633e+00 ]
   - [ 7.9247301816940308e-01, 2.3537480831146240e-01,
       1.8370299339294434e+00 ]
   - [ 6.8543744087219238e-01, 2.8431627154350281e-01,
       1.8520483970642090e+00 ]
   - [ 2.6353755593299866e-01, 4.8092048615217209e-02,
       1.8692448139190674e+00 ]
   - [ 6.6649657487869263e-01, 7.0461654663085938e-01,
       1.9360429048538208e+00 ]
   - [ -9.3259066343307495e-02, 8.5236346721649170e-01,
       2.0147681236267090e+00 ]
   - [ 6.0287171602249146e-01, 9.2847347259521484e-01,
       1.9715651273727417e+00 ]
   - [ 8.1881493330001831e-01, 3.8924363255500793e-01,
       1.8760112524032593e+00 ]
   - [ 7.5910335779190063e-01, 4.1285273432731628e-01,
       1.8787550926208496e+00 ]
   - [ 6.3751113414764404e-01, 1.1226470023393631e-01,
       1.8247159719467163e+00 ]
   - [ 2.8350690007209778e-01, 2.2218083962798119e-02,
       1.8585264682769775e+00 ]
   - [ -1.3889944553375244e-01, 1.8929432332515717e-01,
       1.9295225143432617e+00 ]
   - [ 6.9291448593139648e-01, 6.0460603237152100e-01,
       1.9235775470733643e+00 ]
   - [ 1.8743563443422318e-02, 8.1946402788162231e-01,
       1.9901270866394043e+00 ]
   - [ 1.5622627735137939e-01, -2.1117160096764565e-02,
       1.8460882902145386e+00 ]
   - [ 6.2773334980010986e-01, 3.2606941461563110e-01,
       1.8701155185699463e+00 ]
   - [ 8.3099794387817383e-01, 4.3138858675956726e-01,
       1.8890626430511475e+00 ]
   - [ 5.3920495510101318e-01, 8.6363643407821655e-01,
       1.9668297767639160e+00 ]
   - [ 7.3478317260742188e-01, 4.7219747304916382e-01,
       1.8939218521118164e+00 ]
   - [ 7.2084522247314453e-01, 6.1825805902481079e-01,
       1.9241918325424194e+00 ]
   - [ 1.6604404151439667e-01, -1.1720839887857437e-01,
       1.8201690912246704e+00 ]
   - [ 6.5712726116180420e-01, 2.0335629582405090e-01,
       1.8387800455093384e+00 ]
   - [ 7.1929115056991577e-01, 6.1699211597442627e-01,
       1.9242253303527832e+00 ]
   - [ 3.3561101555824280e-01, -1.3933837413787842e-01,
       1.8195543289184570e+00 ]
   - [ 5.2358722686767578e-01, 7.4874931573867798e-01,
       1.9610129594802856e+00 ]
   - [ 6.2796694040298462e-01, 4.2637223005294800e-01,
       1.9014139175415039e+00 ]
   - [ 4.5775830745697021e-01, 7.5396037101745605e-01,
       1.9650977849960327e+00 ]
   - [ 6.8380916118621826e-01, 2.2772033512592316e-01,
       1.8389145135879517e+00 ]
   - [ -1.6575326025485992e-01, 3.0213654041290283e-01,
       1.9461222887039185e+00 ]
   - [ 6.9491904973983765e-01, 1.1393457651138306e-01,
       1.8179156780242920e+00 ]
   - [ -3.7087719887495041e-02, 5.1126307249069214e-01,
       1.9691035747528076e+00 ]
   - [ 6.6402083635330200e-01, 3.4164521098136902e-01,
       1.8639042377471924e+00 ]
   - [ 6.7360353469848633e-01, 6.0617214441299438e-01,
       1.9253097772598267e+00 ]
   - [ 4.5930254459381104e-01, -2.3573542013764381e-02,
       1.8267223834991455e+00 ]
   - [ 8.3588056266307831e-02, 8.1952542066574097e-02,
       1.8849353790283203e+00 ]
   - [ 2.2004140913486481e-01, -2.0039615035057068e-01,
       1.8012632131576538e+00 ]
   - [ -5.2825070917606354e-02, 5.1945364475250244e-01,
       1.9684455394744873e+00 ]
   - [ 1.1004626750946045e-01, 7.6462095975875854e-01,
       1.9744462966918945e+00 ]
   - [ 6.1934117227792740e-02, 1.1081902682781219e-01,
       1.8970215320587158e+00 ]
   - [ 1.9814524054527283e-01, -1.2076382339000702e-01,
       1.8211205005645752e+00 ]
   - [ 1.9434389472007751e-01, 9.0330666303634644e-01,
       1.9871724843978882e+00 ]
   - [ 9.3988917768001556e-02, -3.5372458398342133e-02,
       1.8354710340499878e+00 ]
   - [ 1.7397947609424591e-01, 7.6493781805038452e-01,
       1.9767297506332397e+00 ]
   - [ 5.6054592132568359e-01, 8.1341594457626343e-02,
       1.8346116542816162e+00 ]
   - [ 7.3288244009017944e-01, 8.9939552545547485e-01,
       1.9646126031875610e+00 ]
   - [ 4.6477207541465759e-01, 7.6120549440383911e-01,
       1.9626525640487671e+00 ]
   - [ 7.6022434234619141e-01, 5.6403785943984985e-01,
       1.9142544269561768e+00 ]
   - [ 5.9075373411178589e-01, 2.2694218158721924e-01,
       1.8579301834106445e+00 ]
   - [ 4.6454083919525146e-01, 7.6133161783218384e-01,
       1.9636766910552979e+00 ]
   - [ 7.0050007104873657e-01, 4.5118233561515808e-01,
       1.8929582834243774e+00 ]
   - [ 8.1535398960113525e-01, 4.2777076363563538e-01,
       1.8860598802566528e+00 ]
   - [ 3.5426977276802063e-01, 8.7908828258514404e-01,
       1.9743181467056274e+00 ]
   - [ 6.7477816343307495e-01, 6.2460255622863770e-01,
       1.9285192489624023e+00 ]
   - [ 5.8867901563644409e-01, 6.1768688261508942e-02,
       1.8246655464172363e+00 ]
   - [ 5.9834319353103638e-01, 7.7551716566085815e-01,
       1.9532922506332397e+00 ]
   - [ 3.7846967577934265e-01, 8.3209604024887085e-01,
