%YAML:1.0
---
Camera Count: 2
Point Count: 158
Rotations:
   - !!opencv-matrix
      rows: 3
      cols: 3
      dt: d
      data: [ 1., 0., 0., 0., 1., 0., 0., 0., 1. ]
   - !!opencv-matrix
      rows: 3
      cols: 3
      dt: d
      data: [ 9.8945422602652222e-01, 3.5641031627624250e-03,
          1.4480204337957683e-01, -4.7838305260360023e-03,
          9.9995594485004713e-01, 8.0760958728495792e-03,
          -1.4476688006499933e-01, -8.6836356265379347e-03,
          9.8942768553773119e-01 ]
Motions:
   - !!opencv-matrix
      rows: 3
      cols: 1
      dt: d
      data: [ 0., 0., 0. ]
   - !!opencv-matrix
      rows: 3
      cols: 1
      dt: d
      data: [ -9.7313109318838409e-01, -4.6568751579913525e-02,
          -2.2549329667701545e-01 ]
Points:
   - [ -2.0970909595489502e+00, -1.9361411333084106e+00,
       6.1243476867675781e+00 ]
   - [ -2.4978170394897461e+00, -1.0123565196990967e+00,
       6.2082128524780273e+00 ]
   - [ -2.4703240394592285e+00, -1.0247708559036255e+00,
       6.2182230949401855e+00 ]
   - [ -1.3767584562301636e+00, -1.1170819997787476e+00,
       5.4550647735595703e+00 ]
   - [ -1.0889943838119507e+00, -1.1692804098129272e+00,
       5.5371313095092773e+00 ]
   - [ -2.5934722423553467e+00, -9.5772194862365723e-01,
       6.1886911392211914e+00 ]
   - [ -1.1020278930664062e+00, -7.2212839126586914e-01,
       5.6403212547302246e+00 ]
   - [ -1.4543874263763428e+00, -7.9235118627548218e-01,
       5.5290694236755371e+00 ]
   - [ -1.2950303554534912e+00, -1.1848217248916626e+00,
       5.4459061622619629e+00 ]
   - [ -1.5121542215347290e+00, -8.5790038108825684e-01,
       5.4846296310424805e+00 ]
   - [ -1.2605215311050415e+00, -1.2274308204650879e+00,
       5.4405183792114258e+00 ]
   - [ -1.2674806118011475e+00, -1.1673582792282104e+00,
       5.4682278633117676e+00 ]
   - [ -1.4261467456817627e+00, -1.0806210041046143e+00,
       5.4415664672851562e+00 ]
   - [ -2.0411722660064697e+00, -1.7195435762405396e+00,
       6.1891489028930664e+00 ]
   - [ -1.4589058160781860e+00, -1.1292281150817871e+00,
       5.4156560897827148e+00 ]
   - [ -1.5367609262466431e+00, -1.0302751064300537e+00,
       5.3986649513244629e+00 ]
   - [ -1.5369559526443481e+00, -9.0349829196929932e-01,
       5.4499821662902832e+00 ]
   - [ -9.5594108104705811e-01, -1.0663934946060181e+00,
       5.6170010566711426e+00 ]
   - [ -1.7848803997039795e+00, -1.7537746429443359e+00,
       6.2856860160827637e+00 ]
   - [ -2.5307133197784424e+00, -9.8822534084320068e-01,
       6.1973214149475098e+00 ]
   - [ -1.4866986274719238e+00, -1.0262564420700073e+00,
       5.4377751350402832e+00 ]
   - [ -1.5757806301116943e+00, -8.5797333717346191e-01,
       5.4253683090209961e+00 ]
   - [ -1.1843923330307007e+00, -7.0098334550857544e-01,
       5.6152982711791992e+00 ]
   - [ -1.4288531541824341e+00, -1.1687749624252319e+00,
       5.4080491065979004e+00 ]
   - [ -1.4585089683532715e+00, -1.1287766695022583e+00,
       5.4147667884826660e+00 ]
   - [ -1.5612256526947021e+00, -7.6867640018463135e-01,
       5.4641413688659668e+00 ]
   - [ -1.6054259538650513e+00, -7.5475281476974487e-01,
       5.4266567230224609e+00 ]
   - [ -1.0004283189773560e+00, -1.2315466403961182e+00,
       5.5527553558349609e+00 ]
   - [ -2.3401265144348145e+00, -9.1599166393280029e-01,
       6.1355428695678711e+00 ]
   - [ -1.5763592720031738e+00, -8.5776275396347046e-01,
       5.4262299537658691e+00 ]
   - [ -1.5364995002746582e+00, -9.0308201313018799e-01,
       5.4489994049072266e+00 ]
   - [ -2.3731915950775146e+00, -2.0299458503723145e+00,
       5.8663654327392578e+00 ]
   - [ -9.8954457044601440e-01, -1.1584814786911011e+00,
       5.5677409172058105e+00 ]
   - [ -9.4615936279296875e-01, -1.0112686157226562e+00,
       5.6392507553100586e+00 ]
   - [ -2.4461238384246826e+00, -1.0322508811950684e+00,
       6.2342805862426758e+00 ]
   - [ -1.0006095170974731e+00, -9.8025387525558472e-01,
       5.6065611839294434e+00 ]
   - [ -1.4982904195785522e+00, -6.5466535091400146e-01,
       5.5054459571838379e+00 ]
   - [ -1.5244913101196289e+00, -8.0600023269653320e-01,
       5.4729576110839844e+00 ]
   - [ -9.9208772182464600e-01, -1.1574840545654297e+00,
       5.5694718360900879e+00 ]
   - [ -1.5243237018585205e+00, -8.0680620670318604e-01,
       5.4727530479431152e+00 ]
   - [ -1.0667624473571777e+00, -8.1186300516128540e-01,
       5.6336383819580078e+00 ]
   - [ -1.2654793262481689e+00, -6.9787544012069702e-01,
       5.5924720764160156e+00 ]
   - [ -1.0477242469787598e+00, -7.0263808965682983e-01,
       5.6619005203247070e+00 ]
   - [ -1.9125746488571167e+00, -1.7546222209930420e+00,
       6.2372055053710938e+00 ]
   - [ -1.5161548852920532e+00, -1.0672713518142700e+00,
       5.3940615653991699e+00 ]
   - [ -2.4756557941436768e+00, -9.5017176866531372e-01,
       6.2123179435729980e+00 ]
   - [ -1.0660716295242310e+00, -7.1938401460647583e-01,
       5.6492433547973633e+00 ]
   - [ -1.0470646619796753e+00, -7.0258277654647827e-01,
       5.6601734161376953e+00 ]
   - [ -1.0157164335250854e+00, -1.2496190071105957e+00,
       5.5469479560852051e+00 ]
   - [ -9.2043441534042358e-01, -1.2319595813751221e+00,
       5.5931391716003418e+00 ]
   - [ -9.5072275400161743e-01, -1.2436170578002930e+00,
       5.5756888389587402e+00 ]
   - [ -1.5737645626068115e+00, -9.3299174308776855e-01,
       5.4220490455627441e+00 ]
   - [ -9.6709555387496948e-01, -1.0370137691497803e+00,
       5.6125817298889160e+00 ]
   - [ -1.2228435277938843e+00, -7.0462858676910400e-01,
       5.6025524139404297e+00 ]
   - [ -1.0872743129730225e+00, -8.4645837545394897e-01,
       5.6420950889587402e+00 ]
   - [ -1.5158430337905884e+00, -1.0676157474517822e+00,
       5.3929433822631836e+00 ]
   - [ -1.2073719501495361e+00, -7.3196852207183838e-01,
       5.6122732162475586e+00 ]
   - [ -1.2234776020050049e+00, -7.0477271080017090e-01,
       5.6040816307067871e+00 ]
   - [ -1.3295162916183472e+00, -6.4597040414810181e-01,
       5.5775833129882812e+00 ]
   - [ -1.0292607545852661e+00, -8.2221919298171997e-01,
       5.6497168540954590e+00 ]
   - [ -1.5074213743209839e+00, -1.0341604948043823e+00,
       5.4127755165100098e+00 ]
   - [ -2.6232464313507080e+00, -9.9632126092910767e-01,
       6.1895079612731934e+00 ]
   - [ -1.2079143524169922e+00, -7.3233139514923096e-01,
       5.6136364936828613e+00 ]
   - [ -1.3114478588104248e+00, -1.1522164344787598e+00,
       5.4523921012878418e+00 ]
   - [ -1.0949681997299194e+00, -6.4615160226821899e-01,
       5.6517605781555176e+00 ]
   - [ -1.4167299270629883e+00, -6.6441416740417480e-01,
       5.5427789688110352e+00 ]
   - [ -1.0275104045867920e+00, -8.5511839389801025e-01,
       5.6177973747253418e+00 ]
   - [ -1.1692104339599609e+00, -1.2941641807556152e+00,
       5.4821257591247559e+00 ]
   - [ -1.5620492696762085e+00, -8.2531964778900146e-01,
       5.4389734268188477e+00 ]
   - [ -9.8495888710021973e-01, -1.0094066858291626e+00,
       5.6026930809020996e+00 ]
   - [ -1.4173380136489868e+00, -6.6480350494384766e-01,
       5.5441541671752930e+00 ]
   - [ -1.0359413623809814e+00, -1.1465326547622681e+00,
       5.5538730621337891e+00 ]
   - [ -1.0627942085266113e+00, -6.6919702291488647e-01,
       5.6623983383178711e+00 ]
   - [ -1.5722100734710693e+00, -1.1153930425643921e+00,
       5.3649082183837891e+00 ]
   - [ -1.1915180683135986e+00, -6.8963015079498291e-01,
       5.6296286582946777e+00 ]
   - [ -2.4789662361145020e+00, -1.0396002531051636e+00,
       6.1909055709838867e+00 ]
   - [ -1.5317775011062622e+00, -9.5012831687927246e-01,
       5.4371175765991211e+00 ]
   - [ -1.6234391927719116e+00, -9.3906193971633911e-01,
       5.3776993751525879e+00 ]
   - [ -1.4121048450469971e+00, -7.9489398002624512e-01,
       5.5474529266357422e+00 ]
   - [ -8.7391763925552368e-01, -1.2095425128936768e+00,
       5.6014370918273926e+00 ]
   - [ -1.0288554430007935e+00, -1.0696531534194946e+00,
       5.5977740287780762e+00 ]
