%YAML:1.0
---
Camera Count: 2
Point Count: 448
Rotations:
   - !!opencv-matrix
      rows: 3
      cols: 3
      dt: d
      data: [ 1., 0., 0., 0., 1., 0., 0., 0., 1. ]
   - !!opencv-matrix
      rows: 3
      cols: 3
      dt: d
      data: [ 9.9979318510570192e-01, 1.8315874116382296e-02,
          8.8383127093707246e-03, -1.8142554534820166e-02,
          9.9964897954307141e-01, -1.9307133744995729e-02,
          -9.1888373120261307e-03, 1.9142791171847435e-02,
          9.9977453399004124e-01 ]
Motions:
   - !!opencv-matrix
      rows: 3
      cols: 1
      dt: d
      data: [ 0., 0., 0. ]
   - !!opencv-matrix
      rows: 3
      cols: 1
      dt: d
      data: [ -9.3205045329850889e-01, 7.0495116305051883e-02,
          -3.5540454567039731e-01 ]
Points:
   - [ -5.9477038383483887e+00, -3.1959137916564941e+00,
       1.9958654403686523e+01 ]
   - [ -4.7010097503662109e+00, -4.5594973564147949e+00,
       1.9952119827270508e+01 ]
   - [ -4.8670368194580078e+00, -4.5482044219970703e+00,
       1.9690532684326172e+01 ]
   - [ -5.6733303070068359e+00, -4.0181579589843750e+00,
       1.9668712615966797e+01 ]
   - [ -4.8493137359619141e+00, -2.4651842117309570e+00,
       2.0310916900634766e+01 ]
   - [ -4.0218577384948730e+00, -3.8178837299346924e+00,
       2.0503940582275391e+01 ]
   - [ -5.2951726913452148e+00, -4.1818666458129883e+00,
       1.9731161117553711e+01 ]
   - [ -4.8547592163085938e+00, -2.4675025939941406e+00,
       2.0329711914062500e+01 ]
   - [ -4.9269967079162598e+00, -4.4307870864868164e+00,
       1.9892953872680664e+01 ]
   - [ -4.4378023147583008e+00, -4.5290989875793457e+00,
       2.0098339080810547e+01 ]
   - [ -4.7636337280273438e+00, -2.3368957042694092e+00,
       2.0538694381713867e+01 ]
   - [ -5.5977201461791992e+00, -2.4966559410095215e+00,
       2.0161920547485352e+01 ]
   - [ -3.9102988243103027e+00, -3.5008828639984131e+00,
       2.0545871734619141e+01 ]
   - [ -4.3814325332641602e+00, -4.3158335685729980e+00,
       2.0278942108154297e+01 ]
   - [ -4.0100088119506836e+00, -4.1080236434936523e+00,
       2.0566240310668945e+01 ]
   - [ -4.5142459869384766e+00, -4.6808333396911621e+00,
       2.0158859252929688e+01 ]
   - [ -5.9280748367309570e+00, -4.0806145668029785e+00,
       1.9581155776977539e+01 ]
   - [ -5.6022725105285645e+00, -2.4985737800598145e+00,
       2.0175729751586914e+01 ]
   - [ -4.8000516891479492e+00, -4.3093447685241699e+00,
       2.0169752120971680e+01 ]
   - [ -5.4685134887695312e+00, -4.1018829345703125e+00,
       1.9715881347656250e+01 ]
   - [ -4.9889693260192871e+00, -4.5830492973327637e+00,
       1.9573959350585938e+01 ]
   - [ -5.7606730461120605e+00, -3.8661849498748779e+00,
       1.9834321975708008e+01 ]
   - [ -4.9989800453186035e+00, -4.5907359123229980e+00,
       1.9606449127197266e+01 ]
   - [ -4.0012822151184082e+00, -4.6042451858520508e+00,
       2.0558959960937500e+01 ]
   - [ -5.0637774467468262e+00, -4.3703532218933105e+00,
       1.9664011001586914e+01 ]
   - [ -5.2921266555786133e+00, -4.1232781410217285e+00,
       1.9766284942626953e+01 ]
   - [ -4.4210753440856934e+00, -4.1154651641845703e+00,
       2.0518825531005859e+01 ]
   - [ -4.4985904693603516e+00, -4.3850603103637695e+00,
       2.0193952560424805e+01 ]
   - [ -5.6682434082031250e+00, -2.8824241161346436e+00,
       2.0158391952514648e+01 ]
   - [ -4.8476095199584961e+00, -4.3661775588989258e+00,
       1.9900768280029297e+01 ]
   - [ -5.9603524208068848e+00, -2.8830103874206543e+00,
       1.9803621292114258e+01 ]
   - [ -5.8805875778198242e+00, -3.4106280803680420e+00,
       2.0405328750610352e+01 ]
   - [ -5.7401022911071777e+00, -2.7373838424682617e+00,
       2.0071592330932617e+01 ]
   - [ -5.0753803253173828e+00, -4.2886843681335449e+00,
       1.9645404815673828e+01 ]
   - [ -5.6970539093017578e+00, -3.9928696155548096e+00,
       1.9855964660644531e+01 ]
   - [ -5.9138216972351074e+00, -3.1346716880798340e+00,
       2.0106494903564453e+01 ]
   - [ -4.3054752349853516e+00, -2.6084284782409668e+00,
       2.0265338897705078e+01 ]
   - [ -3.9620888233184814e+00, -3.0496015548706055e+00,
       2.0493217468261719e+01 ]
   - [ -4.6955628395080566e+00, -4.6336054801940918e+00,
       1.9930936813354492e+01 ]
   - [ -4.4215302467346191e+00, -2.6538286209106445e+00,
       2.0244436264038086e+01 ]
   - [ -4.0877757072448730e+00, -4.3597912788391113e+00,
       2.0381959915161133e+01 ]
   - [ -4.9931883811950684e+00, -4.2446765899658203e+00,
       1.9809919357299805e+01 ]
   - [ -4.1556777954101562e+00, -3.9994208812713623e+00,
       2.0399883270263672e+01 ]
   - [ -5.6137881278991699e+00, -3.9456858634948730e+00,
       1.9894397735595703e+01 ]
   - [ -3.8621606826782227e+00, -3.9353308677673340e+00,
       2.0497852325439453e+01 ]
   - [ -4.5085968971252441e+00, -2.7698709964752197e+00,
       2.0378015518188477e+01 ]
   - [ -4.7137475013732910e+00, -4.3702926635742188e+00,
       2.0092147827148438e+01 ]
   - [ -4.1054897308349609e+00, -2.8423120975494385e+00,
       2.0406564712524414e+01 ]
   - [ -5.1207675933837891e+00, -4.6538562774658203e+00,
       1.9460283279418945e+01 ]
   - [ -4.5044975280761719e+00, -2.7668380737304688e+00,
       2.0362905502319336e+01 ]
   - [ -5.9379129409790039e+00, -3.6751108169555664e+00,
       2.0385208129882812e+01 ]
   - [ -5.4088249206542969e+00, -4.2080788612365723e+00,
       1.9560405731201172e+01 ]
   - [ -5.9855732917785645e+00, -3.2842421531677246e+00,
       1.9872856140136719e+01 ]
   - [ -5.2193241119384766e+00, -4.1851348876953125e+00,
       1.9713926315307617e+01 ]
   - [ -5.4850687980651855e+00, -4.3366084098815918e+00,
       1.9459777832031250e+01 ]
   - [ -4.1101617813110352e+00, -3.8658795356750488e+00,
       2.0373563766479492e+01 ]
   - [ -4.4194536209106445e+00, -4.3033742904663086e+00,
       2.0269409179687500e+01 ]
   - [ -4.0827488899230957e+00, -4.5868058204650879e+00,
       2.0484189987182617e+01 ]
   - [ -4.5767121315002441e+00, -4.8774809837341309e+00,
       2.0132989883422852e+01 ]
   - [ -4.0781807899475098e+00, -4.3508019447326660e+00,
       2.0343584060668945e+01 ]
   - [ -6.0084495544433594e+00, -3.7538228034973145e+00,
       1.9733352661132812e+01 ]
   - [ -4.6337938308715820e+00, -2.5425462722778320e+00,
       2.0302961349487305e+01 ]
   - [ -3.9054851531982422e+00, -4.1564483642578125e+00,
       2.0530469894409180e+01 ]
   - [ -3.8350257873535156e+00, -3.7503955364227295e+00,
       2.0690050125122070e+01 ]
   - [ -5.9459462165832520e+00, -3.6400434970855713e+00,
       1.9903238296508789e+01 ]
   - [ -4.2436189651489258e+00, -4.1038455963134766e+00,
       2.0465263366699219e+01 ]
   - [ -4.0202536582946777e+00, -3.6127088069915771e+00,
       2.0484315872192383e+01 ]
   - [ -3.9777712821960449e+00, -4.8202862739562988e+00,
       2.0835126876831055e+01 ]
   - [ -5.8743405342102051e+00, -2.8894944190979004e+00,
       2.0043745040893555e+01 ]
   - [ -5.6335697174072266e+00, -4.1922168731689453e+00,
       1.9511343002319336e+01 ]
   - [ -5.6776108741760254e+00, -4.0801491737365723e+00,
       1.9581092834472656e+01 ]
   - [ -6.1201715469360352e+00, -3.1100246906280518e+00,
       1.9745693206787109e+01 ]
   - [ -5.1874861717224121e+00, -2.5388748645782471e+00,
       2.0119596481323242e+01 ]
   - [ -6.0985174179077148e+00, -2.5247266292572021e+00,
       1.9805233001708984e+01 ]
   - [ -5.5727968215942383e+00, -4.2236943244934082e+00,
       1.9550022125244141e+01 ]
   - [ -5.3051819801330566e+00, -4.1782946586608887e+00,
       2.0157278060913086e+01 ]
   - [ -3.7712497711181641e+00, -3.6711254119873047e+00,
       2.0901264190673828e+01 ]
   - [ -5.9984688758850098e+00, -2.6348440647125244e+00,
       1.9838056564331055e+01 ]
   - [ -4.2664804458618164e+00, -4.8596811294555664e+00,
       2.0505157470703125e+01 ]
   - [ -6.1571760177612305e+00, -2.7073132991790771e+00,
       1.9556606292724609e+01 ]
   - [ -5.8895092010498047e+00, -2.9098436832427979e+00,
       1.9821365356445312e+01 ]
