%YAML:1.0
---
Camera Count: 2
Point Count: 190
Rotations:
   - !!opencv-matrix
      rows: 3
      cols: 3
      dt: d
      data: [ 1., 0., 0., 0., 1., 0., 0., 0., 1. ]
   - !!opencv-matrix
      rows: 3
      cols: 3
      dt: d
      data: [ 9.9936082454466035e-01, 3.3244929626982403e-02,
          1.3142184731386185e-02, -3.3123131311166253e-02,
          9.9940726780396993e-01, -9.3792980945855871e-03,
          -1.3446209040474682e-02, 8.9379927668818051e-03,
          9.9986964737796635e-01 ]
Motions:
   - !!opencv-matrix
      rows: 3
      cols: 1
      dt: d
      data: [ 0., 0., 0. ]
   - !!opencv-matrix
      rows: 3
      cols: 1
      dt: d
      data: [ -9.3920695380613428e-01, 6.8865174204722782e-02,
          -3.3637462107589999e-01 ]
Points:
   - [ -8.3973417282104492e+00, -5.0171031951904297e+00,
       3.1261690139770508e+01 ]
   - [ -8.3891801834106445e+00, -5.0124650001525879e+00,
       3.1234638214111328e+01 ]
   - [ -8.1685428619384766e+00, -5.9913563728332520e+00,
       3.1758333206176758e+01 ]
   - [ -8.1224374771118164e+00, -5.9601821899414062e+00,
       3.1599180221557617e+01 ]
   - [ -8.0358009338378906e+00, -3.9710526466369629e+00,
       3.2087177276611328e+01 ]
   - [ -5.9829039573669434e+00, -6.7296791076660156e+00,
       3.2163593292236328e+01 ]
   - [ -8.0551252365112305e+00, -3.9807112216949463e+00,
       3.2155578613281250e+01 ]
   - [ -8.4136714935302734e+00, -4.6464786529541016e+00,
       3.1508985519409180e+01 ]
   - [ -7.4012503623962402e+00, -6.5785717964172363e+00,
       3.1250507354736328e+01 ]
   - [ -8.0150375366210938e+00, -6.0190844535827637e+00,
       3.0917842864990234e+01 ]
   - [ -8.0287542343139648e+00, -6.0302872657775879e+00,
       3.0964904785156250e+01 ]
   - [ -5.9787364006042480e+00, -6.7256155014038086e+00,
       3.2144428253173828e+01 ]
   - [ -7.7144718170166016e+00, -6.3076577186584473e+00,
       3.1399528503417969e+01 ]
   - [ -6.2746305465698242e+00, -4.2137727737426758e+00,
       3.2655120849609375e+01 ]
   - [ -7.9945287704467773e+00, -4.5133938789367676e+00,
       3.1598182678222656e+01 ]
   - [ -5.4502148628234863e+00, -6.6983227729797363e+00,
       3.1958116531372070e+01 ]
   - [ -6.0514869689941406e+00, -4.1059346199035645e+00,
       3.2476173400878906e+01 ]
   - [ -5.7231049537658691e+00, -4.4547910690307617e+00,
       3.2716350555419922e+01 ]
   - [ -6.8051395416259766e+00, -7.5653982162475586e+00,
       3.1480525970458984e+01 ]
   - [ -8.4502220153808594e+00, -4.5377688407897949e+00,
       3.1078819274902344e+01 ]
   - [ -8.7492742538452148e+00, -4.0199446678161621e+00,
       3.1283079147338867e+01 ]
   - [ -5.5179643630981445e+00, -5.6498107910156250e+00,
       3.2735584259033203e+01 ]
   - [ -8.3575801849365234e+00, -4.9200649261474609e+00,
       3.1503770828247070e+01 ]
   - [ -6.4143419265747070e+00, -7.0896468162536621e+00,
       3.1449453353881836e+01 ]
   - [ -6.8654594421386719e+00, -6.6111869812011719e+00,
       3.1136680603027344e+01 ]
   - [ -8.5287723541259766e+00, -4.3571376800537109e+00,
       3.0940740585327148e+01 ]
   - [ -6.5606994628906250e+00, -4.0080142021179199e+00,
       3.2480079650878906e+01 ]
   - [ -6.4965167045593262e+00, -6.9934101104736328e+00,
       3.1401193618774414e+01 ]
   - [ -8.4672775268554688e+00, -3.8258047103881836e+00,
       3.2182132720947266e+01 ]
   - [ -8.6477355957031250e+00, -4.1826820373535156e+00,
       3.1511829376220703e+01 ]
   - [ -8.1403245925903320e+00, -4.8896832466125488e+00,
       3.1371681213378906e+01 ]
   - [ -8.4239282608032227e+00, -4.6169443130493164e+00,
       3.1383104324340820e+01 ]
   - [ -5.3775629997253418e+00, -7.5310549736022949e+00,
       3.3266357421875000e+01 ]
   - [ -9.1599159240722656e+00, -4.8293943405151367e+00,
       2.7688705444335938e+01 ]
   - [ -5.1187586784362793e+00, -5.7440366744995117e+00,
       3.2482280731201172e+01 ]
   - [ -8.2474508285522461e+00, -5.6815118789672852e+00,
       3.1532306671142578e+01 ]
   - [ -6.5662703514099121e+00, -7.3626914024353027e+00,
       3.2099460601806641e+01 ]
   - [ -8.8752689361572266e+00, -5.1598052978515625e+00,
       3.0829246520996094e+01 ]
   - [ -8.3959617614746094e+00, -5.1279635429382324e+00,
       3.0958854675292969e+01 ]
   - [ -5.7895412445068359e+00, -4.2452335357666016e+00,
       3.2999286651611328e+01 ]
   - [ -7.1153512001037598e+00, -3.6997959613800049e+00,
       3.2867622375488281e+01 ]
   - [ -8.5412244796752930e+00, -5.2634634971618652e+00,
       3.0601699829101562e+01 ]
   - [ -5.8768496513366699e+00, -6.4772500991821289e+00,
       3.2902717590332031e+01 ]
   - [ -9.1593141555786133e+00, -4.8269100189208984e+00,
       2.7686923980712891e+01 ]
   - [ -6.4258861541748047e+00, -3.9551603794097900e+00,
       3.3126934051513672e+01 ]
   - [ -7.0949378013610840e+00, -6.9166889190673828e+00,
       3.1425811767578125e+01 ]
   - [ -8.9104118347167969e+00, -4.3400754928588867e+00,
       3.1164299011230469e+01 ]
   - [ -5.9163112640380859e+00, -4.6668062210083008e+00,
       3.2845451354980469e+01 ]
   - [ -6.1789960861206055e+00, -7.1530551910400391e+00,
       3.1055780410766602e+01 ]
   - [ -8.1796588897705078e+00, -6.1694097518920898e+00,
       3.0997531890869141e+01 ]
   - [ -5.6554903984069824e+00, -4.6940970420837402e+00,
       3.2734279632568359e+01 ]
   - [ -6.3692665100097656e+00, -6.6167244911193848e+00,
       3.1605443954467773e+01 ]
   - [ -8.6236314773559570e+00, -4.1109719276428223e+00,
       3.1895339965820312e+01 ]
   - [ -6.2484250068664551e+00, -7.6159911155700684e+00,
       3.1908439636230469e+01 ]
   - [ -5.7625646591186523e+00, -4.8508996963500977e+00,
       3.2550415039062500e+01 ]
   - [ -8.8356170654296875e+00, -4.8208246231079102e+00,
       3.0578550338745117e+01 ]
   - [ -7.0546488761901855e+00, -4.0178370475769043e+00,
       3.2471717834472656e+01 ]
   - [ -5.5276513099670410e+00, -6.7709388732910156e+00,
       3.2945701599121094e+01 ]
   - [ -8.2543725967407227e+00, -6.2472825050354004e+00,
       3.0944292068481445e+01 ]
   - [ -5.0523586273193359e+00, -6.2531695365905762e+00,
       3.2675609588623047e+01 ]
   - [ -6.7560701370239258e+00, -3.8748199939727783e+00,
       3.2675266265869141e+01 ]
   - [ -6.9303340911865234e+00, -7.3954691886901855e+00,
       3.1082391738891602e+01 ]
   - [ -7.7022504806518555e+00, -4.1474227905273438e+00,
       3.2358081817626953e+01 ]
   - [ -6.0024371147155762e+00, -3.8941464424133301e+00,
       3.3460479736328125e+01 ]
   - [ -5.2781262397766113e+00, -5.5755634307861328e+00,
       3.2488513946533203e+01 ]
   - [ -8.5839424133300781e+00, -5.9708538055419922e+00,
       3.1316740036010742e+01 ]
   - [ -4.6530714035034180e+00, -7.0166487693786621e+00,
       3.2142585754394531e+01 ]
   - [ -8.6794548034667969e+00, -5.4567003250122070e+00,
       3.0774517059326172e+01 ]
   - [ -5.8265485763549805e+00, -6.8435730934143066e+00,
       3.2857337951660156e+01 ]
   - [ -8.3842573165893555e+00, -5.9860067367553711e+00,
       3.1361288070678711e+01 ]
   - [ -7.1853413581848145e+00, -3.8277363777160645e+00,
       3.2434127807617188e+01 ]
   - [ -8.1757154464721680e+00, -6.9429097175598145e+00,
       3.0708526611328125e+01 ]
   - [ -8.1943788528442383e+00, -5.8750042915344238e+00,
       3.1214782714843750e+01 ]
   - [ -5.7226614952087402e+00, -6.6402573585510254e+00,
       3.2500720977783203e+01 ]
   - [ -5.2509794235229492e+00, -5.9085130691528320e+00,
       3.2395977020263672e+01 ]
   - [ -8.5544013977050781e+00, -4.9986162185668945e+00,
       3.1074062347412109e+01 ]
   - [ -8.5439329147338867e+00, -4.9939188957214355e+00,
       3.1040224075317383e+01 ]
   - [ -7.5126404762268066e+00, -3.7738585472106934e+00,
       3.2501514434814453e+01 ]
   - [ -6.6800503730773926e+00, -7.3611650466918945e+00,
       3.1398805618286133e+01 ]
   - [ -8.4158916473388672e+00, -5.5132374763488770e+00,
       3.0382104873657227e+01 ]
   - [ -8.3683776855468750e+00, -5.1870803833007812e+00,
       3.1723114013671875e+01 ]
