%YAML:1.0
---
Camera Count: 2
Point Count: 677
Rotations:
   - !!opencv-matrix
      rows: 3
      cols: 3
      dt: d
      data: [ 1., 0., 0., 0., 1., 0., 0., 0., 1. ]
   - !!opencv-matrix
      rows: 3
      cols: 3
      dt: d
      data: [ 9.8856176499879167e-01, 1.5045499250432867e-01,
          1.0437050014064491e-02, -1.5076020136412779e-01,
          9.8393133003755362e-01, 9.5658243006959728e-02,
          4.1229197325822978e-03, -9.6137573305411672e-02,
          9.9535951722572347e-01 ]
Motions:
   - !!opencv-matrix
      rows: 3
      cols: 1
      dt: d
      data: [ 0., 0., 0. ]
   - !!opencv-matrix
      rows: 3
      cols: 1
      dt: d
      data: [ 6.1130874299571936e-01, -6.2941268896940894e-01,
          -4.7973043232766815e-01 ]
Points:
   - [ -1.7146314382553101e+00, -4.4628429412841797e+00,
       3.6458711624145508e+00 ]
   - [ -1.6422387361526489e+00, -4.1152734756469727e+00,
       3.5550694465637207e+00 ]
   - [ -2.3998277187347412e+00, -3.4003164768218994e+00,
       3.3757677078247070e+00 ]
   - [ -2.4219088554382324e+00, -3.3496592044830322e+00,
       3.3926978111267090e+00 ]
   - [ -1.7574019432067871e+00, -3.3390438556671143e+00,
       3.7220301628112793e+00 ]
   - [ -2.4045512676239014e+00, -3.3380255699157715e+00,
       3.4054317474365234e+00 ]
   - [ -1.6801975965499878e+00, -3.8290493488311768e+00,
       3.5292816162109375e+00 ]
   - [ -2.0668451786041260e+00, -3.4287629127502441e+00,
       3.5684456825256348e+00 ]
   - [ -1.7462451457977295e+00, -3.8161067962646484e+00,
       3.5051519870758057e+00 ]
   - [ -1.7193548679351807e+00, -3.3142638206481934e+00,
       3.7464680671691895e+00 ]
   - [ -1.4529652595520020e+00, -3.5798561573028564e+00,
       3.7267999649047852e+00 ]
   - [ -1.6996918916702271e+00, -3.7619347572326660e+00,
       3.5546197891235352e+00 ]
   - [ -1.8738753795623779e+00, -3.7000415325164795e+00,
       3.5115427970886230e+00 ]
   - [ -2.0640685558319092e+00, -3.3787710666656494e+00,
       3.5988378524780273e+00 ]
   - [ -2.1345660686492920e+00, -3.6564190387725830e+00,
       3.3766431808471680e+00 ]
   - [ -1.6409708261489868e+00, -3.8141522407531738e+00,
       3.5590548515319824e+00 ]
   - [ -1.9879448413848877e+00, -3.6348290443420410e+00,
       3.4989805221557617e+00 ]
   - [ -1.9776444435119629e+00, -3.2939772605895996e+00,
       3.6616282463073730e+00 ]
   - [ -1.6963686943054199e+00, -4.4675049781799316e+00,
       3.6459162235260010e+00 ]
   - [ -1.4529337882995605e+00, -3.5800521373748779e+00,
       3.7269923686981201e+00 ]
   - [ -1.4560337066650391e+00, -3.7683265209197998e+00,
       3.6363091468811035e+00 ]
   - [ -1.5983456373214722e+00, -3.8449170589447021e+00,
       3.5587379932403564e+00 ]
   - [ -1.4443099498748779e+00, -3.8878090381622314e+00,
       3.6007957458496094e+00 ]
   - [ -2.5137069225311279e+00, -3.3583695888519287e+00,
       3.9157059192657471e+00 ]
   - [ -1.5761705636978149e+00, -3.7994196414947510e+00,
       3.5899887084960938e+00 ]
   - [ -1.6308417320251465e+00, -3.8006281852722168e+00,
       3.5650439262390137e+00 ]
   - [ -1.5267084836959839e+00, -3.4809339046478271e+00,
       3.7402055263519287e+00 ]
   - [ -1.9251755475997925e+00, -3.6695835590362549e+00,
       3.5074512958526611e+00 ]
   - [ -1.6116743087768555e+00, -3.8678343296051025e+00,
       3.5406303405761719e+00 ]
   - [ -1.8966778516769409e+00, -3.6631586551666260e+00,
       3.5221037864685059e+00 ]
   - [ -1.9328416585922241e+00, -3.6741747856140137e+00,
       3.4960486888885498e+00 ]
   - [ -1.6116486787796021e+00, -3.8025937080383301e+00,
       3.5684192180633545e+00 ]
   - [ -1.9878710508346558e+00, -3.3831415176391602e+00,
       3.6294901371002197e+00 ]
   - [ -2.0607769489288330e+00, -3.6278541088104248e+00,
       3.4710590839385986e+00 ]
   - [ -1.7934277057647705e+00, -3.1995525360107422e+00,
       3.7640554904937744e+00 ]
   - [ -1.4241781234741211e+00, -3.7455084323883057e+00,
       3.6613276004791260e+00 ]
   - [ -1.7119746208190918e+00, -3.2123947143554688e+00,
       3.7946014404296875e+00 ]
   - [ -1.9202313423156738e+00, -3.3042793273925781e+00,
       3.6803505420684814e+00 ]
   - [ -1.7828303575515747e+00, -3.7374210357666016e+00,
       3.5312545299530029e+00 ]
   - [ -1.5295681953430176e+00, -3.7576639652252197e+00,
       3.6235485076904297e+00 ]
   - [ -2.0237283706665039e+00, -3.3390445709228516e+00,
       3.6267278194427490e+00 ]
   - [ -1.9823700189590454e+00, -3.6278989315032959e+00,
       3.5104169845581055e+00 ]
   - [ -1.8718450069427490e+00, -3.6864311695098877e+00,
       3.5185945034027100e+00 ]
   - [ -1.7507115602493286e+00, -3.7802054882049561e+00,
       3.5192801952362061e+00 ]
   - [ -1.7934622764587402e+00, -3.2008848190307617e+00,
       3.7654602527618408e+00 ]
   - [ -1.8174434900283813e+00, -3.7447192668914795e+00,
       3.5142633914947510e+00 ]
   - [ -1.9807790517807007e+00, -3.2542271614074707e+00,
       3.6725192070007324e+00 ]
   - [ -1.6020572185516357e+00, -3.4140679836273193e+00,
       3.7472951412200928e+00 ]
   - [ -1.5131776332855225e+00, -3.7453405857086182e+00,
       3.6381721496582031e+00 ]
   - [ -2.0202577114105225e+00, -3.3424816131591797e+00,
       3.6297135353088379e+00 ]
   - [ -1.4282877445220947e+00, -3.7913286685943604e+00,
       3.6407980918884277e+00 ]
   - [ -1.6351051330566406e+00, -3.4175939559936523e+00,
       3.7347936630249023e+00 ]
   - [ -2.0939927101135254e+00, -3.3565757274627686e+00,
       3.5859308242797852e+00 ]
   - [ -1.9238862991333008e+00, -3.2570428848266602e+00,
       3.6905982494354248e+00 ]
   - [ -1.4745440483093262e+00, -3.6551063060760498e+00,
       3.6738202571868896e+00 ]
   - [ -1.7882131338119507e+00, -3.8156242370605469e+00,
       3.4882638454437256e+00 ]
   - [ -1.8665295839309692e+00, -3.3334956169128418e+00,
       3.6859216690063477e+00 ]
   - [ -2.1744794845581055e+00, -3.2995741367340088e+00,
       3.5738940238952637e+00 ]
   - [ -1.7006494998931885e+00, -3.8255109786987305e+00,
       3.5131194591522217e+00 ]
   - [ -1.4855498075485229e+00, -3.8235263824462891e+00,
       3.6033174991607666e+00 ]
   - [ -1.7311172485351562e+00, -3.7755768299102783e+00,
       3.5335936546325684e+00 ]
   - [ -2.0475430488586426e+00, -3.4174380302429199e+00,
       3.5833423137664795e+00 ]
   - [ -2.0565345287322998e+00, -3.5298964977264404e+00,
       3.5283408164978027e+00 ]
   - [ -1.5214306116104126e+00, -3.3733649253845215e+00,
       3.7901575565338135e+00 ]
   - [ -1.9810762405395508e+00, -3.2551975250244141e+00,
       3.6733562946319580e+00 ]
   - [ -1.6024644374847412e+00, -3.4147565364837646e+00,
       3.7477157115936279e+00 ]
   - [ -2.0055310726165771e+00, -3.5937950611114502e+00,
       3.5151546001434326e+00 ]
   - [ -1.5807391405105591e+00, -3.8835859298706055e+00,
       3.5481326580047607e+00 ]
   - [ -2.0390567779541016e+00, -3.3945422172546387e+00,
       3.6003756523132324e+00 ]
   - [ -2.1937801837921143e+00, -3.6031308174133301e+00,
       3.3681626319885254e+00 ]
   - [ -1.6766610145568848e+00, -3.7850673198699951e+00,
       3.5521230697631836e+00 ]
   - [ -1.9564983844757080e+00, -3.5994191169738770e+00,
       3.5383908748626709e+00 ]
   - [ -2.1094927787780762e+00, -3.2969813346862793e+00,
       3.6070590019226074e+00 ]
   - [ -1.4138200283050537e+00, -3.7465419769287109e+00,
       3.6633245944976807e+00 ]
   - [ -2.0450637340545654e+00, -3.4830932617187500e+00,
       3.5563747882843018e+00 ]
   - [ -2.0086760520935059e+00, -3.4878411293029785e+00,
       3.5840704441070557e+00 ]
   - [ -1.6091223955154419e+00, -3.4124457836151123e+00,
       3.7445709705352783e+00 ]
   - [ -1.7748116254806519e+00, -3.7846062183380127e+00,
       3.5032651424407959e+00 ]
   - [ -1.5216567516326904e+00, -3.3755397796630859e+00,
       3.7921462059020996e+00 ]
   - [ -1.6800442934036255e+00, -3.7870905399322510e+00,
       3.5543763637542725e+00 ]
   - [ -1.6051903963088989e+00, -3.8656902313232422e+00,
       3.5440943241119385e+00 ]
