%YAML:1.0
---
Camera Count: 2
Point Count: 11
Rotations:
   - !!opencv-matrix
      rows: 3
      cols: 3
      dt: d
      data: [ 1., 0., 0., 0., 1., 0., 0., 0., 1. ]
   - !!opencv-matrix
      rows: 3
      cols: 3
      dt: d
      data: [ 9.9914894875364790e-01, 3.7757592508549535e-02,
          -1.6605493441591856e-02, -3.7866505730191458e-02,
          9.9926298512808620e-01, -6.2939889332023508e-03,
          1.6355609076576717e-02, 6.9174244386349558e-03,
          9.9984230921224271e-01 ]
Motions:
   - !!opencv-matrix
      rows: 3
      cols: 1
      dt: d
      data: [ 0., 0., 0. ]
   - !!opencv-matrix
      rows: 3
      cols: 1
      dt: d
      data: [ 9.9105790538076399e-01, 4.8586648090176182e-02,
          -1.2427214414201694e-01 ]
Points:
   - [ -1.2872756958007812e+01, -5.1039123535156250e+00,
       4.1394622802734375e+01 ]
   - [ -1.3085433959960938e+01, -5.1971092224121094e+00,
       4.2133609771728516e+01 ]
   - [ -1.5421138763427734e+01, -8.6820001602172852e+00,
       4.3246124267578125e+01 ]
   - [ -1.1687081336975098e+01, -1.1622677803039551e+01,
       4.1605880737304688e+01 ]
   - [ -1.4468002319335938e+01, -1.0375930786132812e+01,
       4.1990093231201172e+01 ]
   - [ -1.6335304260253906e+01, -6.6552281379699707e+00,
       4.1054180145263672e+01 ]
   - [ -1.5649751663208008e+01, -8.5462045669555664e+00,
       4.2010852813720703e+01 ]
   - [ -1.6745712280273438e+01, -6.0257229804992676e+00,
       4.4749732971191406e+01 ]
   - [ -1.1938236236572266e+01, -1.2677657127380371e+01,
       4.2296482086181641e+01 ]
   - [ -1.1896946907043457e+01, -1.2640516281127930e+01,
       4.1758651733398438e+01 ]
   - [ -1.2907212257385254e+01, -1.2841401100158691e+01,
       4.4257266998291016e+01 ]
Colors:
   - [ 251, 255, 255 ]
   - [ 240, 249, 252 ]
   - [ 51, 84, 99 ]
   - [ 109, 74, 54 ]
   - [ 165, 179, 185 ]
   - [ 182, 179, 188 ]
   - [ 188, 199, 207 ]
   - [ 119, 127, 164 ]
   - [ 112, 128, 127 ]
   - [ 148, 153, 152 ]
   - [ 151, 162, 166 ]
